   18    0   24
2964 -6791     1.000     0.000                        St Mary        1
2957 -6821     1.000     0.000                        Waterton       1
2981 -6836     1.000     0.000                        Oldman         1
3024 -6768     1.000     0.000                        Mcgregor       1
3009 -6761     1.000     0.000                        Travers        1
3040 -6911     1.000     0.000                        Lower Kanans   1
3054 -6926     1.000     0.000                        Spray Canyon   1
3077 -6933     1.000     0.000                        Cascade Lake   1
3076 -6873     1.000     0.000                        Ghost Dam      1
3062 -6851     1.000     0.000                        Glenmore       1
3121 -6858     1.000     0.000                        Dickson        1
3076 -6408     1.000     0.000                        Diefenbaker    1
3137 -6978     1.000     0.000                        Bighorn        1 
3174 -6926     1.000     0.000                        Brazeau        1
3219 -6206     1.000     0.000                        Tobin          1
3069 -6858     1.000     0.000                        Bearspaw       1 
3060 -6903     1.000     0.000                        Barrier        1
3016 -6850     1.000     0.000                        Chain          1
